5018
3267
4649
3258
4375
3445
3879
4942
2961
6965
1783
4948
3659
3575
4695
5076
4419
2760
3699
3808
3959
6189
3514
5958
3974
4180
5557
2906
2838
3107
3675
6003
5372
3507
5572
3173
5543
2906
4090
5161
4695
3274
3111
3279
3832
4151
2417
4632
5208
4342
3966
2956
2880
1807
5431
3328
4459
3910
5412
1549
3568
5092
1444
2638
3097
2401
4282
3807
3533
4645
2040
6104
5715
4368
5461
2856
3469
4769
5008
6488
3461
3677
3876
3868
3002
5777
2802
4327
4160
2556
1791
4068
3632
5034
3449
4895
5447
2227
3353
5205
2499
3441
4758
1507
6006
3865
4461
4305
3433
4654
2882
2938
5113
2592
3286
3624
4459
5028
3481
3375
2029
3841
4993
3478
1598
3829
2985
3874
1931
3100
4814
3400
4659
2204
3276
5730
4860
5432
3540
4518
3436
3381
2881
4639
3138
3770
5972
4453
5543
4178
6325
3853
2257
3585
2149
5297
2682
5091
1971
3789
3277
3407
1986
1974
4833
3757
3812
3653
4224
3315
3126
3775
3062
4911
5516
4456
4241
3056
3767
4545
3717
3999
6153
4709
4698
2684
4249
2987
2111
3243
4830
3404
6093
3413
1879
3062
4738
3587
5348
4807
2696
3134
4603
4265
4989
3648
3565
3832
4762
5930
4269
4374
3840
5514
5373
4007
3561
4980
6165
1444
3578
2317
5055
5766
5141
3868
3628
3179
4569
2638
3822
4843
4804
4067
5700
2823
2813
5693
5922
3757
6034
3635
4697
3548
6324
3399
5597
4048
3898
5368
3428
1762
2453
4868
3397
2121
3817
5484
4016
3905
4760
3397
4519
2408
4106
1343
6999
3327
2865
3781
2969
3337
2337
3912
5298
2272
2464
2512
2938
4855
3099
4324
3372
4031
4803
4944
3689
3642
4969
4378
3880
4359
3029
4352
4491
4755
5346
5540
3416
4475
2264
4493
3250
2802
4507
3211
3691
4840
6164
5420
3572
5955
2518
4456
4647
2731
3451
6800
3826
6096
3204
3398
2946
3069
3714
3132
5577
1509
4000
2394
5677
3695
1532
2188
5305
5283
3828
5947
4460
2733
2013
3349
1049
4288
3351
5375
1637
3261
5297
4193
4417
4445
1571
4232
2255
2258
2864
4121
5552
3474
3874
5215
4590
5863
4667
979
1824
3552
2977
3889
3194
4643
6233
3882
4139
3385
2434
6921
4494
4611
4625
4689
2306
2731
3778
4144
3948
3245
3753
3195
3396
3093
4078
2205
4598
5512
2954
3941
5026
3004
3671
4793
3038
4007
4011
1721
4821
4853
3532
3755
3655
2478
4263
2934
4454
2832
3795
3404
4591
4740
4730
2991
5002
2821
3926
3618
6339
4386
3678
2164
3992
2936
3913
258
4486
4063
3603
3938
3567
4596
4092
2384
2598
5561
1596
3458
951
2608
5245
2453
3028
3019
2308
4034
4286
5330
3203
6443
4274
5836
5942
4003
2047
3478
2990
5382
2154
4799
2723
3444
3916
5630
5714
927
3434
6039
4921
4492
5678
1975
4775
2365
2335
3901
2867
4204
4987
6160
2823
4524
5135
4066
3966
3203
3367
2322
3878
3634
3935
1559
3821
4620
5561
3538
3377
4247
5959
3105
2209
3649
5421
3720
3350
2533
4227
3147
4380
3738
3939
3632
4942
2613
4581
2141
3353
5319
3270
1940
2107
4896
3790
3541
2723
3995
3915
3907
3620
5342
3839
4116
5141
1867
5895
3018
4391
3697
4265
4605
2652
4264
3176
4761
2971
4238
4984
5551
3551
3990
3086
4771
2785
2293
4344
5164
2986
1748
4847
3306
4495
2660
4795
3449
4327
4079
4620
3104
4337
3849
200
2355
3638
5322
3906
1753
4185
3281
4694
3201
3546
3466
3879
3275
4807
3103
3884
2462
2238
2934
2812
3926
3832
3435
4472
3228
3776
6198
4838
3651
2967
5814
4248
4979
2782
200
2671
2561
3408
3759
2029
3822
4152
3105
5480
3759
3984
3419
3125
5121
3788
4939
3457
3211
3324
2486
3738
4067
3804
3814
3880
3432
3237
4079
4479
2868
3462
5551
4512
2685
4090
3209
1190
3452
4557
6568
5599
4699
5156
2022
1409
2624
5029
1706
3032
2819
4596
5786
2604
5539
2147
4642
3617
4280
3952
5353
4245
4199
2461
2280
3618
683
3021
3952
2846
1937
3577
2455
2395
3137
2188
3605
3822
3329
5065
5031
2681
5739
3974
3192
3031
4268
1876
3821
4037
5158
5746
5773
8000
4405
2890
4694
4450
4232
3139
3311
4092
5006
3688
1545
4374
4176
3552
3664
3073
4308
3734
1711
3400
3581
3752
5048
4114
4306
2842
2375
1605
4020
3764
1533
2497
5829
2610
5065
4415
2679
4275
4082
5323
4134
3417
2696
2019
5432
4430
5569
2338
4554
6034
3460
4117
3040
4061
2406
2966
4382
4064
3341
3541
2156
2617
5024
2526
5964
1955
4864
4113
4647
2806
3110
4783
4548
2826
4515
2770
4437
3542
5881
4022
6529
5265
4174
4458
1215
2695
3388
2786
6154
2611
5502
2947
3693
4197
4029
5436
3087
5257
5236
2091
4769
2775
4232
4562
5823
3454
4923
5085
1674
5445
3868
3855
4341
3387
4093
3080
4702
2268
4214
4120
3643
1275
1883
4308
5188
5183
4220
5115
3844
1307
2393
4472
4525
5015
2438
3438
3217
4676
5209
1995
2617
3100
3649
4166
4531
2722
3209
4937
2429
3316
4393
3702
3901
5072
6677
4065
4905
2448
3226
4933
3342
3295
2896
2352
5650
3397
4363
3913
6256
4040
4693
4055
4021
4250
3255
522
4742
4483
4604
3614
2528
2805
5177
2948
3121
1933
4436
1824
4675
4250
4200
2550
3977
2675
3984
4506
1516
1656
2706
3311
3968
4481
5271
2430
2409
1037
3579
1732
3154
5204
3854
4272
4627
2396
5790
2298
3302
3426
3795
2447
6519
3625
3235
2654
6312
3647
3344
4786
3396
4827
1908
4071
6644
4675
4126
4504
4517
5449
5123
3401
5642
1456
4004
2259
4374
4717
729
1799
2665
5020
2412
3695
2409
2473
3317
4145
3348
4680
2299
4832
4403
4329
3473
5337
6554
2325
4606
4809
2031
6078
3289
3760
2511
3076
4326
1978
4307
4422
2300
5110
5040
4651
2499
5778
918
1074
5502
1268
3431
3946
3722
3181
6250